neural_network:
  accuracy: 0.5409836065573771
  f1: 0.37983955354028603
  precision: 0.2926632625638269
  recall: 0.5409836065573771
random_forest:
  accuracy: 0.9180327868852459
  f1: 0.9181650987708225
  precision: 0.922739291380222
  recall: 0.9180327868852459
xgboost:
  accuracy: 0.8524590163934426
  f1: 0.8524590163934426
  precision: 0.8639912000567738
  recall: 0.8524590163934426
