neural_network:
  accuracy: 0.5081967213114754
  f1: 0.38934426229508196
  precision: 0.3994823123382226
  recall: 0.5081967213114754
random_forest:
  accuracy: 0.9180327868852459
  f1: 0.9181650987708225
  precision: 0.922739291380222
  recall: 0.9180327868852459
xgboost:
  accuracy: 0.8524590163934426
  f1: 0.8524590163934426
  precision: 0.8639912000567738
  recall: 0.8524590163934426
