'0':
  f1-score: 0.9206349206349206
  precision: 0.9666666666666667
  recall: 0.8787878787878788
  support: 33.0
'1':
  f1-score: 0.9152542372881356
  precision: 0.8709677419354839
  recall: 0.9642857142857143
  support: 28.0
accuracy: 0.9180327868852459
macro avg:
  f1-score: 0.9179445789615281
  precision: 0.9188172043010753
  recall: 0.9215367965367965
  support: 61.0
weighted avg:
  f1-score: 0.9181650987708225
  precision: 0.922739291380222
  recall: 0.9180327868852459
  support: 61.0
