'0':
  f1-score: 0.8524590163934426
  precision: 0.9285714285714286
  recall: 0.7878787878787878
  support: 33.0
'1':
  f1-score: 0.8524590163934426
  precision: 0.7878787878787878
  recall: 0.9285714285714286
  support: 28.0
accuracy: 0.8524590163934426
macro avg:
  f1-score: 0.8524590163934426
  precision: 0.8582251082251082
  recall: 0.8582251082251082
  support: 61.0
weighted avg:
  f1-score: 0.8524590163934426
  precision: 0.8639912000567738
  recall: 0.8524590163934426
  support: 61.0
